TRAINING METRICS (Final Epoch):
=============================
accuracy_score: 0.2730
top_1_accuracy: 0.2730
top_3_accuracy: 0.7595
precision_micro: 0.2730
precision_macro: 0.2266
precision_weighted: 0.2359
recall_micro: 0.2730
recall_macro: 0.2542
recall_weighted: 0.2730
f1_micro: 0.2730
f1_macro: 0.1854
f1_weighted: 0.1974
auc_micro: 0.5340
auc_macro: 0.5218
auc_weighted: 0.5204
loss: 1.4234
y_true: [2, 3, 1, 0, 3, 3, 0, 2, 0, 1, 1, 3, 1, 3, 0, 0, 2, 3, 3, 3, 2, 1, 2, 0, 2, 2, 3, 3, 0, 2, 2, 2, 1, 0, 3, 3, 2, 3, 3, 2, 1, 2, 1, 3, 0, 0, 0, 3, 2, 3, 3, 2, 0, 2, 3, 0, 3, 2, 3, 2, 2, 2, 1, 3, 3, 2, 1, 2, 3, 2, 0, 2, 3, 1, 1, 3, 0, 2, 1, 2, 1, 3, 3, 3, 3, 2, 0, 0, 3, 3, 3, 1, 0, 1, 1, 0, 3, 3, 2, 2, 3, 1, 1, 1, 1, 2, 1, 3, 1, 3, 3, 2, 2, 1, 3, 2, 1, 1, 2, 2, 3, 3, 0, 1, 1, 2, 2, 0, 2, 2, 0, 2, 3, 0, 2, 1, 3, 1, 1, 1, 3, 3, 2, 3, 3, 2, 0, 2, 2, 0, 0, 0, 3, 1, 1, 0, 2, 3, 0, 1, 2, 3, 1, 0, 2, 1, 3, 2, 1, 0, 2, 3, 1, 0, 0, 1, 1, 3, 3, 3, 3, 1, 1, 2, 3, 2, 2, 1, 3, 1, 0, 2, 1, 0, 2, 2, 2, 3, 3, 3, 3, 1, 3, 0, 1, 3, 1, 2, 2, 2, 0, 1, 1, 1, 2, 3, 3, 0, 0, 0, 3, 1, 1, 3, 0, 2, 0, 0, 1, 0, 0, 0, 0, 3, 2, 2, 0, 3, 3, 2, 3, 2, 3, 1, 2, 3, 1, 1, 2, 0, 1, 1, 1, 1, 3, 2, 0, 3, 3, 2, 3, 1, 2, 0, 1, 0, 2, 1, 0, 3, 1, 2, 0, 0, 3, 1, 2, 2, 0, 2, 1, 0, 0, 0, 0, 2, 3, 0, 2, 1, 2, 1, 3, 1, 0, 2, 0, 3, 2, 1, 2, 3, 3, 1, 3, 0, 3, 3, 2, 3, 1, 2, 1, 1, 2, 1, 0, 0, 3, 3, 0, 2, 2, 3, 2, 0, 2, 3, 0, 0, 2, 1, 2, 1, 2, 0, 2, 0, 1, 0, 1, 0, 2, 1, 2, 0, 3, 3, 1, 1, 3, 2, 0, 2, 0, 0, 2, 0, 1, 3, 3, 1, 1, 1, 2, 3, 1, 0, 2, 1]
y_pred: [2, 2, 2, 2, 2, 2, 2, 2, 2, 2, 2, 2, 2, 2, 2, 2, 2, 2, 2, 2, 2, 2, 2, 2, 2, 2, 2, 2, 2, 2, 2, 2, 2, 2, 2, 2, 2, 2, 2, 2, 2, 2, 2, 2, 2, 2, 2, 2, 2, 2, 2, 2, 2, 2, 2, 2, 2, 2, 2, 2, 2, 2, 2, 2, 3, 3, 3, 3, 3, 3, 3, 3, 3, 3, 3, 3, 3, 3, 3, 3, 3, 3, 3, 3, 3, 3, 3, 3, 3, 3, 3, 3, 3, 3, 3, 3, 3, 3, 3, 3, 3, 3, 3, 3, 3, 3, 3, 3, 3, 3, 3, 3, 3, 3, 3, 3, 3, 3, 3, 3, 3, 3, 3, 3, 3, 3, 3, 3, 3, 3, 3, 3, 3, 3, 3, 3, 3, 3, 3, 3, 3, 3, 3, 3, 3, 3, 3, 3, 3, 3, 3, 3, 3, 3, 3, 3, 3, 3, 3, 3, 3, 3, 3, 3, 3, 3, 3, 3, 3, 3, 3, 3, 3, 3, 3, 3, 3, 3, 3, 3, 3, 3, 3, 3, 3, 3, 3, 3, 3, 3, 3, 3, 3, 3, 3, 3, 3, 3, 3, 3, 3, 3, 3, 3, 3, 3, 3, 3, 3, 3, 3, 3, 3, 3, 3, 3, 3, 3, 3, 3, 3, 3, 3, 3, 3, 3, 3, 3, 3, 3, 3, 3, 3, 3, 3, 3, 3, 3, 3, 3, 3, 3, 3, 3, 3, 3, 3, 3, 3, 3, 3, 3, 3, 3, 3, 3, 3, 3, 3, 3, 3, 3, 3, 3, 3, 3, 3, 3, 3, 3, 3, 3, 3, 3, 3, 3, 3, 3, 3, 3, 3, 3, 3, 3, 3, 3, 3, 3, 3, 3, 3, 3, 3, 3, 3, 3, 3, 3, 3, 3, 3, 3, 3, 3, 3, 3, 3, 3, 3, 3, 3, 3, 3, 3, 3, 3, 3, 3, 3, 3, 3, 3, 3, 3, 3, 3, 3, 3, 3, 3, 3, 3, 3, 3, 3, 3, 3, 3, 3, 3, 3, 3, 3, 3, 3, 3, 3, 3, 3, 3, 3, 3, 1, 1, 1, 1, 1, 1, 1, 1, 1, 1, 1, 1, 1, 1, 1, 1, 1, 1]

VALIDATION METRICS (Best Epoch):
==============================
accuracy_score: 0.2353
top_1_accuracy: 0.2353
top_3_accuracy: 0.7647
precision_micro: 0.2353
precision_macro: 0.0588
precision_weighted: 0.0554
recall_micro: 0.2353
recall_macro: 0.2500
recall_weighted: 0.2353
f1_micro: 0.2353
f1_macro: 0.0952
f1_weighted: 0.0896
auc_micro: 0.5639
auc_macro: 0.7149
auc_weighted: 0.7186
loss: 1.3911

TEST METRICS:
=============
accuracy_score: 0.3125
top_1_accuracy: 0.3125
top_3_accuracy: 0.7917
precision_micro: 0.3125
precision_macro: 0.0781
precision_weighted: 0.0977
recall_micro: 0.3125
recall_macro: 0.2500
recall_weighted: 0.3125
f1_micro: 0.3125
f1_macro: 0.1190
f1_weighted: 0.1488
auc_micro: 0.6209
auc_macro: 0.7174
auc_weighted: 0.7452

TRAINING TIME:
=============
Total training time: 0:07:58
Average time per epoch: 95.69 seconds
